Postwt Prewt Treat offset(Prewt)
1 80.2 80.7 Cont 80.7
2 80.1 89.4 Cont 89.4
3 86.4 91.8 Cont 91.8
4 86.3 74 Cont 74
5 76.1 78.1 Cont 78.1
6 78.1 88.3 Cont 88.3
7 75.1 87.3 Cont 87.3
8 86.7 75.1 Cont 75.1
9 73.5 80.6 Cont 80.6
10 84.6 78.4 Cont 78.4
11 77.4 77.6 Cont 77.6
12 79.5 88.7 Cont 88.7
13 89.6 81.3 Cont 81.3
14 81.4 78.1 Cont 78.1
15 81.8 70.5 Cont 70.5
16 77.3 77.3 Cont 77.3
17 84.2 85.2 Cont 85.2
18 75.4 86 Cont 86
19 79.5 84.1 Cont 84.1
20 73 79.7 Cont 79.7
21 88.3 85.5 Cont 85.5
22 84.7 84.4 Cont 84.4
23 81.4 79.6 Cont 79.6
24 81.2 77.5 Cont 77.5
25 88.2 72.3 Cont 72.3
26 78.8 89 Cont 89
27 82.2 80.5 CBT 80.5
28 85.6 84.9 CBT 84.9
29 81.4 81.5 CBT 81.5
30 81.9 82.6 CBT 82.6
31 76.4 79.9 CBT 79.9
32 103.6 88.7 CBT 88.7
33 98.4 94.9 CBT 94.9
34 93.4 76.3 CBT 76.3
35 73.4 81 CBT 81
36 82.1 80.5 CBT 80.5
37 96.7 85 CBT 85
38 95.3 89.2 CBT 89.2
39 82.4 81.3 CBT 81.3
40 72.5 76.5 CBT 76.5
41 90.9 70 CBT 70
42 71.3 80.4 CBT 80.4
43 85.4 83.3 CBT 83.3
44 81.6 83 CBT 83
45 89.1 87.7 CBT 87.7
46 83.9 84.2 CBT 84.2
47 82.7 86.4 CBT 86.4
48 75.7 76.5 CBT 76.5
49 82.6 80.2 CBT 80.2
50 100.4 87.8 CBT 87.8
51 85.2 83.3 CBT 83.3
52 83.6 79.7 CBT 79.7
53 84.6 84.5 CBT 84.5
54 96.2 80.8 CBT 80.8
55 86.7 87.4 CBT 87.4
56 95.2 83.8 FT 83.8
57 94.3 83.3 FT 83.3
58 91.5 86 FT 86
59 91.9 82.5 FT 82.5
60 100.3 86.7 FT 86.7
61 76.7 79.6 FT 79.6
62 76.8 76.9 FT 76.9
63 101.6 94.2 FT 94.2
64 94.9 73.4 FT 73.4
65 75.2 80.5 FT 80.5
66 77.8 81.6 FT 81.6
67 95.5 82.1 FT 82.1
68 90.7 77.6 FT 77.6
69 92.5 83.5 FT 83.5
70 93.8 89.9 FT 89.9
71 91.7 86 FT 86
72 98 87.3 FT 87.3
