(Intercept) M.userY TempHigh M.userY:TempHigh SoftMedium SoftSoft M.userY:SoftMedium M.userY:SoftSoft TempHigh:SoftMedium TempHigh:SoftSoft M.userY:TempHigh:SoftMedium M.userY:TempHigh:SoftSoft BrandM M.userY:BrandM TempHigh:BrandM M.userY:TempHigh:BrandM
1 -31.749015734135 -15.18157300107 -11.622407544668 -5.82695229201291 -10.8349815591506 -10.2680348513941 -5.41749077957912 -4.85054407171839 -3.96862696643485 -3.27569209939341 -2.20479275913291 -1.51185789199938 -15.7485197093185 -8.66168584057827 -6.26791084386202 -3.7481476905254
2 0.2150983230742 15.8593770777125 0.539338422416944 6.08710530894005 0.473406771155435 -0.118852122162866 5.65936277369417 5.06710388047558 0.614778244283879 -0.10909373846317 2.30322903580773 1.57935705314883 2.26444571150996 9.04839978470824 1.50341680150671 3.91548936087256
3 0.200929517005111 0.153785313589823 -15.2849192649468 -7.45792463602182 0.0120313282057025 0.999363093849973 -0.260609979756592 0.726721786003283 -5.20404622990699 -4.31715789496857 -2.82191742983699 -1.9350290947742 -0.96454439056875 -0.879965882635415 -8.20030077374432 -4.79725963072219
4 0.176226844205336 0.134878642535996 0.278141878081426 7.64023141462812 0.533116213135877 -0.478350587939796 0.266980514215013 -0.744486286747815 0.565610551286588 -0.342957508920286 2.89089837309321 1.98233031300774 0.818916045795613 0.901476390340451 1.59268748875626 4.91452723425774
5 0.204736874454243 -0.25316506256799 -0.160568403514141 0.207547262382394 15.0364458231611 -7.3790516309812 7.34769451452341 -3.62892954998915 5.48467611449289 -2.34135385702007 2.89386960359402 -1.20787600846837 3.93881901981472e-16 -1.71845827196795e-16 1.38590876259291e-16 -2.91858751800343e-17
6 0.215351951585973 -0.266291015933167 -0.168893459724776 0.218308050855606 0.154055384601832 12.8403810561896 -0.0270385576265561 5.9917409996047 0.410117720110985 4.45668212175647 0.248579153675356 2.07415702069768 1.04919528210394e-15 1.15731810232311e-15 -2.2271029103795e-16 1.046406716521e-16
7 0.153990255247347 -0.190414905514582 0.199090813989736 -0.246751471875059 0.119804314696096 0.136433147953348 7.51624006604456 -3.69066561849855 0.429054670501403 -0.111506152931437 2.96118334803862 -1.22813746574628 8.22942345822919e-16 1.19414623744919e-15 -1.46836573090075e-16 8.97746707197272e-16
8 0.206773439424665 -0.255683353909181 0.267333100399047 -0.331330384775003 0.160869596376966 0.183198288804278 0.131330184675722 6.40493509309708 0.135445435681235 -0.0102232368224279 0.277723723342183 2.21738275564126 -2.12157397151185e-16 3.33720119157007e-15 -7.82541753752439e-17 6.04489012482118e-16
9 0.257465349503198 0.197056112521565 -0.128431218833989 -0.0951816575528581 -0.404437268358411 0.0231800128904716 0.447065838494798 0.1082819323183 7.21233202588417 -3.34740693393993 3.63703490828445 -1.68619501044377 -1.11050902077133e-15 -6.52901914396697e-16 -5.86242629863282e-18 -4.1977577597934e-16
10 0.220886755770494 0.169059974414512 -0.110184750385363 -0.0816590177523979 -0.346978093528894 0.0198867842060079 0.383550341323523 0.0928981114720931 0.164890866624219 -6.15961386376943 -0.0021490949848546 -2.87605128343832 1.33226762955019e-15 1.38777878078145e-16 8.66928057119409e-16 2.22044604925031e-16
11 0.177203177682638 0.135625898350935 0.279682842105579 0.2072757444988 -0.327520946173109 -0.0586134016172011 0.370620022905546 0.17544663862586 -0.529615364816753 0.290276590916373 3.60603325076041 -1.67353672256557 2.66453525910038e-15 -1.27675647831893e-15 4.44089209850063e-16 1.22124532708767e-15
12 0.155417468033701 0.118951781774756 0.245298079531998 0.181792853921039 -0.287254872332991 -0.0514073539273802 0.325055263206015 0.153876881367723 -0.46450340286211 0.254589411881056 0.12809049515509 -3.07312487027858 4.44089209850063e-16 2.72004641033163e-15 4.44089209850063e-16 8.88178419700125e-16
13 0.219180115516 -0.271024688670183 -0.171895762911603 0.222188763334714 -0.305998484224964 0.0851213085846647 -0.277107313833017 0.113653035762875 0.245944542003857 -0.0123121332637781 0.3281847697118 -0.120796781761223 15.660633552123 7.43997104249549 5.59820553030421 2.71087717576297
14 0.230544037321224 -0.285076617432435 -0.180808113394574 0.233708675743697 -0.321863713783142 0.0895346281617493 -0.291474610969623 0.11954565156105 0.258696130062716 -0.0129504855127295 0.345200300759816 -0.127059782303154 -0.335026586719949 7.82058124577432 0.102750293588564 2.84955883286052
15 0.15740004692782 -0.194631244786302 0.203499263083546 -0.252215266415776 -0.209888466850308 0.0245579758207329 -0.182672945079099 0.054460922026292 -0.26570373747824 0.0249276606805287 -0.357392349817132 0.152116202287889 0.322688273541196 0.10951634220197 7.50473067985797 3.59576040787951
16 0.211352004168002 -0.261344926270332 0.273252631996625 -0.338667002197183 -0.281831860831048 0.0329757043236551 -0.24528768449125 0.0731284726005991 -0.356778911614347 0.0334721059293309 -0.479895596491159 0.204257018009111 0.00481921937243973 -0.0662992417954826 -0.176308400325512 -3.74909596297003
17 0.257465349503623 0.19705611252189 -0.128431218834201 -0.0951816575530153 0.139193289587935 -0.425486436053475 -0.107586286845088 0.436205631275597 -0.13018236037236 -0.22275583949573 -0.171277786895674 0.607235259073737 0.286830666195035 -0.476974017933418 0.433166924835267 -0.0828290124800778
18 0.220886755770859 0.169059974414791 -0.110184750385545 -0.0816590177525328 0.119417833201356 -0.365036765784417 -0.0923012976793218 0.374233064477247 -0.111687103902262 -0.19110849211394 -0.146944024723861 0.520964186540322 -0.201726643102467 0.264539413079281 0.513014428808082 0.40042302009096
19 0.177203177687264 0.135625898354476 0.27968284211288 0.207275744504211 0.0466383826050492 -0.367412704623253 -0.0111250131094033 0.401143500775943 0.0285604927679282 0.540512917699394 -0.0516867792985054 -0.323531987056735 0.329349768822699 -0.536946344945263 0.397685539179636 -0.113719496743112
20 0.155417468037758 0.118951781777861 0.245298079538401 0.181792853925785 0.0409045674713876 -0.322242258986052 -0.00975728196252654 0.351826124249466 0.0250492092175451 0.474061189008681 -0.0453323042760394 -0.283756323751277 -0.0262210941932831 0.00312129084396486 -0.209223700985474 -0.535992630554809
21 0.223436437521166 -0.276287795424253 -0.175233856408602 0.226503511141356 0.159838747979233 -0.302592394130799 0.179975023977066 -0.273321225741996 -0.0995347024398085 -0.207211772100383 -0.212164426518137 -0.0921849977140083 0.0774587440436986 0.0482257302162074 -0.0555327319838483 0.494423124959511
22 0.235021038608042 -0.290612602652076 -0.184319278401226 0.238247132058606 0.168125973438553 -0.318281026731719 0.189306263239138 -0.287492224008547 -0.104695319189961 -0.217955166270639 -0.2231646030037 -0.0969645512933573 -0.394986573620024 -0.186521638498284 0.388737989507716 0.309067062396325
23 0.130339621709482 -0.161169982559951 0.168513399367861 -0.208854082674216 0.101404137759047 -0.206797600010167 0.11850636143579 -0.181927471016781 0.149419119784933 0.233533358999221 0.284510411974356 0.0964921753647777 -0.172481772034814 0.369604960386954 0.0650406618462089 -0.341929892117589
24 0.175016086770488 -0.21641415927524 0.226274676410311 -0.280442921164487 0.136162397436457 -0.277681538680384 0.159126744146382 -0.24428668455382 0.200635457510672 0.313581504122456 0.382031943135438 0.129566763466266 -0.586415783575338 0.319620040560934 -0.320092015892215 0.00102001359766697
