(Intercept) x I(x^2) I(x^3) I((x - 10)^2)
O.1 -4.35889894354067 -45.1948995725007 -619.651897184387 -9613.20749637815 -151.643800088441
O.2 0.229415733870562 25.6597165345134 541.623081383182 10118.4692466246 28.4287506929141
O.3 0.229415733870562 0.219029005239422 -129.541360301554 -4050.97061959772 -129.541360301554
O.4 0.229415733870562 0.180057413380448 -0.048558074316723 -649.199334447234 1.61216512144002e-14
O.5 0.229415733870562 0.141085821521475 -0.135348250766827 0.347598676743634 1.01233093741402e-13
O.6 0.229415733870562 0.102114229662502 -0.206699342778229 0.374128784758865 0.0723413192457459
O.7 0.229415733870562 0.0631426378035289 -0.262611350350928 0.357782014619072 0.0379310053827257
O.8 0.229415733870562 0.0241710459445557 -0.303084273484926 0.307800519976661 0.0657929442182756
O.9 0.229415733870562 -0.0148005459144174 -0.328118112180222 0.233426454484036 0.0477236370098719
O.10 0.229415733870562 -0.0537721377733906 -0.337712866436816 0.143901971793602 -0.0914990366293718
O.11 0.229415733870562 -0.0927437296323637 -0.331868536254708 0.0484692255577611 -0.000893288267453059
O.12 0.229415733870562 -0.131715321491337 -0.310585121633899 -0.0436296305710803 -0.0372815634579142
O.14 0.229415733870562 -0.209658505209283 -0.221701039076173 -0.180857057898148 -0.116683208072625
O.15 0.229415733870562 -0.248630097068256 -0.154100371139257 -0.207501321791566 -0.0598314620956708
O.16 0.229415733870562 -0.287601688927229 -0.0710606187636396 -0.193843080968368 0.0866697826501183
O.17 0.229415733870562 -0.326573280786203 0.02741821805068 -0.130640181776149 0.0753510977947855
O.18 0.229415733870562 -0.365544872645176 0.141336139303701 -0.0086504705625023 -0.536389102069788
O.19 0.229415733870562 -0.404516464504149 0.270693144995425 0.181368206324971 -0.461072480383205
O.20 0.229415733870562 -0.443488056363122 0.41548923512585 0.44865800253868 -0.653603192727637
