x
1 80.7
2 89.4
3 91.8
4 74
5 78.1
6 88.3
7 87.3
8 75.1
9 80.6
10 78.4
11 77.6
12 88.7
13 81.3
14 78.1
15 70.5
16 77.3
17 85.2
18 86
19 84.1
20 79.7
21 85.5
22 84.4
23 79.6
24 77.5
25 72.3
26 89
27 80.5
28 84.9
29 81.5
30 82.6
31 79.9
32 88.7
33 94.9
34 76.3
35 81
36 80.5
37 85
38 89.2
39 81.3
40 76.5
41 70
42 80.4
43 83.3
44 83
45 87.7
46 84.2
47 86.4
48 76.5
49 80.2
50 87.8
51 83.3
52 79.7
53 84.5
54 80.8
55 87.4
56 83.8
57 83.3
58 86
59 82.5
60 86.7
61 79.6
62 76.9
63 94.2
64 73.4
65 80.5
66 81.6
67 82.1
68 77.6
69 83.5
70 89.9
71 86
72 87.3
