(Intercept) Prewt TreatCont TreatFT
1 -8.48528137423857 -699.257895915377 -3.06412938514171 -2.00346921336188
2 0.117851130197758 -43.6682378852181 0.506470325750266 -0.319644987050375
3 0.117851130197758 0.219192958803759 -4.04408196260233 1.47796168412148
4 0.117851130197758 -0.188425961996006 0.143929621731772 -3.27101932944969
5 0.117851130197758 -0.0945362105758352 0.142632171591653 0.00360836611723102
6 0.117851130197758 0.139043171006052 0.139404368804041 -0.00452404966363399
7 0.117851130197758 0.116143231635279 0.139720820057729 -0.00372675399884331
8 0.117851130197758 -0.163236028688155 0.143581525352716 0.00600025311160306
9 0.117851130197758 -0.037286362148902 0.141841043457435 0.00161512695525431
10 0.117851130197758 -0.0876662287646029 0.142537236215547 0.0033691774177938
11 0.117851130197758 -0.105986180261222 0.142790397218497 0.00400701394962636
12 0.117851130197758 0.148203146754362 0.139277788302566 -0.00484296792955028
13 0.117851130197758 -0.0212564045893606 0.141619527579853 0.00105701998990083
14 0.117851130197758 -0.0945362105758352 0.142632171591653 0.00360836611723102
15 0.117851130197758 -0.268575749793712 0.145037201119678 0.00966781316964024
16 0.117851130197758 -0.112856162072454 0.142885332594603 0.00424620264906357
17 0.117851130197758 0.0680533589566553 0.140385367690472 -0.00205243310278287
18 0.117851130197758 0.0863733104532738 0.140132206687522 -0.00269026963461542
19 0.117851130197758 0.0428634256488045 0.140733464069529 -0.0011754078715131
20 0.117851130197758 -0.0578963075825977 0.142125849585753 0.00233269305356591
21 0.117851130197758 0.0749233407678872 0.140290432314366 -0.00229162180222006
22 0.117851130197758 0.0497334074600367 0.140638528693422 -0.00141459657095032
23 0.117851130197758 -0.0601863015196753 0.142157494711122 0.00241242262004498
24 0.117851130197758 -0.108276174198299 0.142822042343866 0.00408674351610543
25 0.117851130197758 -0.22735585892632 0.14446758886304 0.00823268097301699
26 0.117851130197758 0.155073128565594 0.13918285292646 -0.00508215662898747
27 0.117851130197758 -0.0395763560859792 -0.105402220592506 -0.111841365582341
28 0.117851130197758 0.0611833771454234 -0.106794606108731 -0.11534946650742
29 0.117851130197758 -0.0166764167152059 -0.105718671846194 -0.112638661247132
30 0.117851130197758 0.00851351659264457 -0.10606676822525 -0.113515686478402
31 0.117851130197758 -0.053316319708443 -0.105212349840294 -0.111362988183467
32 0.117851130197758 0.148203146754362 -0.107997120872743 -0.118379190033625
33 0.117851130197758 0.290182770853156 -0.109959118645605 -0.123322423155327
34 0.117851130197758 -0.135756101443227 -0.104073125327019 -0.10849272379022
35 0.117851130197758 -0.0281263864005925 -0.10556044621935 -0.112240013414737
36 0.117851130197758 -0.0395763560859792 -0.105402220592506 -0.111841365582341
37 0.117851130197758 0.0634733710825006 -0.1068262512341 -0.115429196073899
38 0.117851130197758 0.159653116439748 -0.108155346499587 -0.11877783786602
39 0.117851130197758 -0.0212564045893606 -0.105655381595456 -0.112479202114174
40 0.117851130197758 -0.131176113569072 -0.104136415577757 -0.108652182923179
41 0.117851130197758 -0.280025719479099 -0.102079482428788 -0.103469761102039
42 0.117851130197758 -0.0418663500230564 -0.105370575467138 -0.111761636015862
43 0.117851130197758 0.0245434741521859 -0.106288284102831 -0.114073793443755
44 0.117851130197758 0.017673492340954 -0.106193348726725 -0.113834604744318
45 0.117851130197758 0.125303207383588 -0.107680669619056 -0.117581894368834
46 0.117851130197758 0.045153419585882 -0.10657309023115 -0.114791359542067
47 0.117851130197758 0.0955332862015833 -0.107269282989262 -0.116545410004606
48 0.117851130197758 -0.131176113569072 -0.104136415577757 -0.108652182923179
49 0.117851130197758 -0.0464463378972111 -0.1053072852164 -0.111602176882904
50 0.117851130197758 0.127593201320666 -0.107712314744425 -0.117661623935313
51 0.117851130197758 0.0245434741521859 -0.106288284102831 -0.114073793443755
52 0.117851130197758 -0.0578963075825977 -0.105149059589556 -0.111203529050509
53 0.117851130197758 0.0520234013971139 -0.106668025607256 -0.115030548241504
54 0.117851130197758 -0.0327063742747473 -0.105497155968613 -0.112080554281779
55 0.117851130197758 0.118433225572357 -0.10758573424295 -0.117342705669397
56 0.117851130197758 0.0359934438375726 -0.106446509729675 0.191242658294429
57 0.117851130197758 0.0245434741521859 -0.106288284102831 0.191641306126824
58 0.117851130197758 0.0863733104532738 -0.107142702487787 0.189488607831889
59 0.117851130197758 0.00622352265556737 -0.106035123099881 0.192279142658656
60 0.117851130197758 0.102403268012815 -0.107364218365368 0.188930500866536
61 0.117851130197758 -0.0601863015196753 -0.105117414464188 0.194591300086549
62 0.117851130197758 -0.122016137820763 -0.104262996079232 0.196743998381484
63 0.117851130197758 0.274152813293615 -0.109737602768024 0.182950783380605
64 0.117851130197758 -0.202165925618469 -0.103155416691326 0.199534533208252
65 0.117851130197758 -0.0395763560859793 -0.105402220592506 0.193873733988238
66 0.117851130197758 -0.0143864227781288 -0.105750316971563 0.192996708756968
67 0.117851130197758 -0.00293645309274219 -0.105908542598406 0.192598060924573
68 0.117851130197758 -0.105986180261222 -0.104484511956813 0.196185891416131
69 0.117851130197758 0.0291234620263405 -0.106351574353569 0.191481846993866
70 0.117851130197758 0.17568307399929 -0.108376862377168 0.186379154739205
71 0.117851130197758 0.0863733104532737 -0.107142702487787 0.189488607831889
72 0.117851130197758 0.116143231635279 -0.107554089117581 0.188452123467661
