x
1 -23.4523749093538
2 21.1624828041471
3 23.3129005649391
4 -14.9258661391873
5 -4.04567643544234
6 -5.53640873331343
7 -8.1941800766594
8 7.58100953451975
9 -7.5012480770774
10 4.35165496756145
11 -2.57456210711531
12 -4.27330019597503
13 8.35919186326477
14 1.25432356455767
15 4.25526135512828
16 -2.57189351011911
17 1.62450010231407
18 -7.44928282300915
19 -2.6990483753665
20 -7.69324228608878
21 5.62183150531785
22 2.39828302763729
23 0.74098057957663
24 1.25966075855008
25 10.039249773151
26 -5.07596879297124
27 -1.63253362258398
28 0.261660288138286
29 -2.774762279238
30 -2.65121380155743
31 -7.22719642859156
32 16.961191392853
33 9.63937372159802
34 11.0048267353629
35 -10.603647950911
36 -1.73253362258399
37 11.3274374224729
38 8.49007706452597
39 -1.7063165479072
40 -9.96361899596787
41 10.6608672722833
42 -12.4983107569186
43 0.609226138784746
44 -3.08810526421906
45 2.80342004950701
46 -1.19877965220388
47 -3.15168269684275
48 -6.76361899596787
49 -1.12986502558778
50 14.0691971838416
51 0.409226138784743
52 0.0412493027392337
53 -0.6014482492001
54 12.2647977804198
55 0.506088646503224
56 3.36461919804658
57 2.63573352637359
58 -1.08828384659229
59 0.509516451696816
60 7.47215609374989
61 -13.6980204440065
62 -12.6740030710406
63 6.20544116884468
64 6.62379722724847
65 -15.5060262349951
66 -13.2824777573146
67 4.24640791435842
68 0.986436869301549
69 0.767287795042779
70 -0.122975607543006
71 -0.888283846592289
72 4.96681889975747
