x
1 80.2
2 80.1
3 86.4
4 86.3
5 76.1
6 78.1
7 75.1
8 86.7
9 73.5
10 84.6
11 77.4
12 79.5
13 89.6
14 81.4
15 81.8
16 77.3
17 84.2
18 75.4
19 79.5
20 73
21 88.3
22 84.7
23 81.4
24 81.2
25 88.2
26 78.8
27 82.2
28 85.6
29 81.4
30 81.9
31 76.4
32 103.6
33 98.4
34 93.4
35 73.4
36 82.1
37 96.7
38 95.3
39 82.4
40 72.5
41 90.9
42 71.3
43 85.4
44 81.6
45 89.1
46 83.9
47 82.7
48 75.7
49 82.6
50 100.4
51 85.2
52 83.6
53 84.6
54 96.2
55 86.7
56 95.2
57 94.3
58 91.5
59 91.9
60 100.3
61 76.7
62 76.8
63 101.6
64 94.9
65 75.2
66 77.8
67 95.5
68 90.7
69 92.5
70 93.8
71 91.7
72 98
