(Intercept) M.userY TempHigh SoftMedium SoftSoft BrandM M.userY:TempHigh M.userY:SoftMedium M.userY:SoftSoft TempHigh:SoftMedium TempHigh:SoftSoft M.userY:TempHigh:SoftMedium M.userY:TempHigh:SoftSoft
1 -31.7490184474371 -15.1815769120041 -11.6224117526474 -10.8349848544452 -10.268034039045 -15.7485209056083 -5.82695697603819 -5.4174945231743 -4.85054371922481 -3.96863084208266 -3.27569188206189 -2.20479677526674 -1.51185782446703
2 0.232659497359487 15.8593785472605 0.539341852101752 0.473409322100303 -0.118853741428241 -1.73068888821901e-15 6.08710919802541 5.65936575091856 5.06710267642864 0.614781915779931 -0.109094204636608 2.30323285133089 1.57935672208739
3 0.189730668935943 0.147120249252851 -15.2849213461178 0.0120282566151953 0.999364953037542 8.51600318399168e-16 -7.4579277154296 -0.260612964811868 0.726723720777184 -5.20404996905775 -4.31715674158295 -2.82192146685996 -1.93502825183857
4 0.188230796450349 0.145957223711616 0.297126937486557 15.0458956582922 -7.39136771732416 1.67030761863207e-15 0.270715325282872 7.35254338963236 -3.65303095570757 5.50127641370155 -2.35203663850136 2.9944887123806 -1.13687906638743
5 0.210943571193962 -0.25872056580201 -0.169071354376164 0.171485001470404 12.8422079816382 2.62377904434477e-16 -0.128775894132338 -0.0271434681240388 6.00126870183793 0.403803972385583 4.46042982151556 0.201547593734048 2.03972829565073
6 0.209276004952715 -0.256675309437923 -0.167734799385064 0.170129365943264 0.271612209371625 -15.8740092616083 -8.8051921763704e-16 2.41684913980424e-17 -4.3334615770495e-16 6.21987565283068e-16 -1.96854417429932e-16 -2.90763437371255e-16 -4.90928826703481e-16
7 0.183024312642351 -0.224477823402416 0.233474223544077 0.122271914079137 0.171250931422242 -0.0643499637895151 -7.63434887259862 -0.00600894937662863 0.514295559826335 -0.377784615437639 0.184581567387539 -2.79034429637343 -2.05857663645342
8 0.181577455725298 -0.222703265220359 0.231628546374681 0.121305321378459 0.169897146282427 0.299325089405011 0.372030627296369 7.51624105884503 -3.69066576082803 0.429057028063556 -0.111507031532399 2.96118603730087 -1.22813839008257
9 0.240824287358824 0.186739072713291 -0.120080232089203 -0.385766500287455 -0.0347071704127625 -0.175168762235628 -0.0256243879370036 0.376515885720279 6.40493527475682 0.135445863347939 -0.010223081753209 0.277724128961944 2.21738294718037
10 0.238920505938044 0.185262849608619 -0.11913096523011 -0.382716911294331 -0.0344328008011079 0.304072056206652 0.0245586784131872 0.32257696995202 -0.047199193689959 7.21233343740061 -3.34740736489282 3.63703699405142 -1.68619577562774
11 0.167326722218302 0.129747864261894 0.264129342647191 -0.292275867124061 -0.0847193754404649 -0.0744542698741184 -0.287206699293614 0.327067307491982 0.125544857059477 -0.370070603932098 6.15961407200636 0.00214920051110656 2.87605151588154
12 0.166003959018407 0.128722172143891 0.262041328432639 -0.28996534698643 -0.0840496457603213 0.2581526861969 -0.250209385270127 0.289072612764953 0.0632044337071673 -0.320111473288727 0.0924012990668221 3.60603394466811 -1.67353692820981
13 0.225824665154828 -0.276972105905918 -0.180998556975048 -0.292940266613257 0.0642900612645239 -0.0695919593868294 -0.29500627009536 -0.314987852447615 0.0470644086587956 0.376101379532235 0.153938371308271 0.399037965443731 3.07312498626322
14 0.224039459822797 -0.274782566158574 -0.17956771420692 -0.290624494217155 0.0637818308633526 0.379051216138227 -0.245806677533642 -0.360286071841425 -0.0361030422075214 0.436604918567171 0.212844492206535 0.408005512200679 0.256914650959214
15 0.187077140501245 -0.229448583643253 0.238644196996522 -0.269780393187418 -0.0144989825684089 -0.00481908087444846 0.232408951654308 -0.277480326313412 -0.0361464159287236 -0.289947698822427 0.0540858084874066 -0.413835886536138 -0.0739198458062617
16 0.18559824487886 -0.227634730250993 0.236757649782362 -0.26764770588302 -0.0143843641719977 0.366427196098568 0.269397550324079 -0.314875427270267 -0.104449835122936 -0.235070345517925 0.103465238133714 -0.400522280894212 -0.0243585649864819
17 0.24082428728534 0.18673907265631 -0.120080232052563 0.122407616762887 -0.386085226512446 -0.333261694569245 0.039238965932741 -0.0432534133529135 0.507325372010055 -0.279410479812134 0.167210044584457 0.0858799456721165 -0.261873112752614
18 0.238920505865142 0.185262849552089 -0.11913096519376 0.121439951295625 -0.383033117901919 0.147228891309367 0.0889092698327084 -0.0938739387499239 0.415020035574118 -0.209508719734876 0.230004714601291 0.0981282569103108 -0.196754970211136
19 0.167326721780922 0.129747863922743 0.264129341956777 0.0608077450927166 -0.328859776909572 -0.184298556612728 -0.24213909972311 0.0354080994585555 0.449257666958276 -0.0194735401361516 -0.439388184848447 0.118311450699393 0.380163744615074
20 0.166003958584485 0.128722171807421 0.262041327747683 0.0603270433469889 -0.326260051025656 0.149176747520526 -0.205498057409354 -0.00028094989593678 0.384358206055002 0.0277140253417521 -0.391366015800566 0.126358103628349 0.420964698046192
21 0.230210019529863 -0.282350707200707 -0.18451342021269 0.187147516817569 -0.270352631253493 -0.222068413296327 -0.238730563601755 0.250047101558261 -0.17244668949341 -0.124220744123387 0.150169000818055 -0.313790943721664 0.0452346855249224
22 0.228390146780046 -0.280118648148823 -0.18305479149572 0.185668064851284 -0.268215420251712 0.23648177799285 -0.189065712510782 0.199354112855624 -0.255486673150411 -0.0585293499648937 0.210272466394949 -0.298952889175749 0.105146234867402
23 0.154914445369534 -0.190001300964311 0.197615985145594 0.103492729902256 -0.23803638261377 -0.105686625096687 0.234177205960792 0.154567908472879 -0.178261930945939 0.100246257847489 -0.476176171161126 0.167732232256849 -0.493968572507511
24 0.153689804590403 -0.188499289059005 0.196053777093012 0.102674591754586 -0.236154640337441 0.202538146687437 0.264476803589929 0.120563514170955 -0.233649894751689 0.142998457295274 -0.431167799344978 0.174721921450549 -0.449506908139383
