x
1 -0.53505832103663
2 -4.41487032917649
3 0.842422909957349
4 8.47583138638142
5 -3.50545933009829
6 -5.9369630637795
7 -8.5025019134186
8 8.39792412098443
9 -7.19161220600054
10 4.86420232479344
11 -1.98822875491783
12 -4.71074752392386
13 8.60426498874682
14 1.79454066990172
15 5.49644541264458
16 -1.95789040980956
17 1.50986650233931
18 -7.63770241794941
19 -2.7122262322637
20 -7.30059717067573
21 5.47952815723103
22 2.35743542262803
23 1.14284894436037
24 1.85521736011826
25 11.114415341995
26 -5.54108586903213
27 -2.54523161903735
28 -1.05686068062533
29 -3.77969276939825
30 -3.75760003479523
31 -8.08455492882081
32 15.2921869480032
33 7.39852781576565
34 10.4795052124785
35 -11.5624621942178
36 -2.64523161903736
37 9.99969320433858
38 6.77495637282279
39 -2.69280053932606
40 -10.5073870175937
41 10.7166104597521
42 -13.4017855040013
43 -0.561722840047878
44 -4.23138449493962
45 1.22664809836414
46 -2.45273787537269
47 -4.60855240616668
48 -7.30738701759373
49 -2.01489327392909
50 12.4832019833281
51 -0.761722840047881
52 -0.797662698748638
53 -1.88307622048097
54 11.3244300358544
55 -1.04301355652758
56 4.45798393185289
57 3.77521450703334
58 -0.197830598941096
59 1.72278342732207
60 8.29804659580627
61 -12.2172792366313
62 -10.9442341306569
63 6.33958796809948
64 8.67637989560629
65 -14.1082942719561
66 -11.9862015373531
67 5.49656788746643
68 2.65164306409049
69 1.88832227696116
70 0.407770914651366
71 0.00216940105890728
72 5.73736990558973
