x
1 80.7350583210366
2 84.5148703291765
3 85.5575770900427
4 77.8241686136186
5 79.6054593300983
6 84.0369630637795
7 83.6025019134186
8 78.3020758790156
9 80.6916122060005
10 79.7357976752066
11 79.3882287549178
12 84.2107475239239
13 80.9957350112532
14 79.6054593300983
15 76.3035545873554
16 79.2578904098096
17 82.6901334976607
18 83.0377024179494
19 82.2122262322637
20 80.3005971706757
21 82.820471842769
22 82.342564577372
23 80.2571510556396
24 79.3447826398817
25 77.085584658005
26 84.3410858690321
27 84.7452316190374
28 86.6568606806253
29 85.1796927693983
30 85.6576000347952
31 84.4845549288208
32 88.3078130519968
33 91.0014721842344
34 82.9204947875215
35 84.9624621942178
36 84.7452316190374
37 86.7003067956614
38 88.5250436271772
39 85.0928005393261
40 83.0073870175937
41 80.1833895402479
42 84.7017855040013
43 85.9617228400479
44 85.8313844949396
45 87.8733519016359
46 86.3527378753727
47 87.3085524061667
48 83.0073870175937
49 84.6148932739291
50 87.9167980166719
51 85.9617228400479
52 84.3976626987486
53 86.483076220481
54 84.8755699641456
55 87.7430135565276
56 90.7420160681471
57 90.5247854929667
58 91.6978305989411
59 90.1772165726779
60 92.0019534041937
61 88.9172792366313
62 87.7442341306569
63 95.2604120319005
64 86.2236201043937
65 89.3082942719561
66 89.7862015373531
67 90.0034321125336
68 88.0483569359095
69 90.6116777230388
70 93.3922290853486
71 91.6978305989411
72 92.2626300944103
